ball_device: {}
device_size: 0.06
switch:
  s_bumper_left:
    size: 0.06
    x: 0.08613964445174899
    y: 0.3297997644287397
  s_bumper_right:
    shape: CIRCLE
    size: 0.1
    x: 0.2647218341687895
    y: 0.5005889281507656
  s_flipper_left:
    x: 0.3074324324324324
    y: 0.8201046548504175
  s_flipper_right:
    size: 0.06
    x: 0.581081081081081
    y: 0.8182106487191232
  s_start:
    x: 0.9493243243243245
    y: 0.9724222397580062
